2257089810
1870283203
3787814800
1644971875
3283884397
1905750385
5651355217
2886472080
2651079901
5174457807
2711736393
3031453701
2792702950
3563234355
2495973364
3482707764
5138766448
5121723872
2669574121
2838384034
3481592992
6033027429
5558261798
5976147577
6000218266
1662047260
1747413277
1919897211
3195268383
3464611394
2624172547
1862806284
2298930370
5482144242
5877022208
1879409434
1660381714
2347591451
2627875420
3561623500
2833657752
2673498793
2830352482
3245502891
5653168468
3482893280